%YAML:1.0
---
K: !!opencv-matrix
   rows: 3
   cols: 3
   dt: d
   data: [ 5.3506962732364718e+02, 0., 3.2582028622552150e+02, 0.,
       5.3700231119917248e+02, 2.4435070594443718e+02, 0., 0., 1. ]
D: !!opencv-matrix
   rows: 1
   cols: 5
   dt: d
   data: [ -1.9336501792141902e-01, 5.1910699299950090e-02,
       7.7157457590325907e-03, 1.0829393382172231e-03,
       3.1178978668478286e-02 ]
