%YAML:1.0
---
K: !!opencv-matrix
   rows: 3
   cols: 3
   dt: d
   data: [ 5.5290123677744293e+02, 0., 3.1302433013318881e+02, 0.,
       5.5439367763310406e+02, 2.2784379536732564e+02, 0., 0., 1. ]
D: !!opencv-matrix
   rows: 1
   cols: 5
   dt: d
   data: [ -2.5778027796348213e-01, 3.3213536195365173e-01,
       4.5324713189622244e-03, 3.9730449389487332e-03,
       -2.8352471957240621e-01 ]
